1.148568019100000015e+02 4.475177305000000274e+02
1.245226730300000071e+02 4.120567375900000116e+02
1.395584725500000047e+02 3.503546099299999810e+02
1.451073985699999866e+02 3.219858156000000236e+02
1.698090692099999899e+02 2.645390070899999841e+02
2.145584725500000047e+02 2.007092198599999904e+02
2.403341288800000086e+02 1.780141844000000049e+02
2.584128878299999883e+02 1.631205673800000113e+02
2.750596658700000035e+02 1.425531914899999890e+02
3.004773269699999787e+02 1.340425531900000067e+02
