# (1)T[K] (2)Cv[J/m^3K] (3)Kappa[W/mK] (4) Tau_MC[ps] (5) Tau_p^2 [ps^2] (6)NL-length[nm] (7)Alpha (8)Tau_e[ps] (9)Alpha_neq 

0.0 0.0 0.0 nan nan nan nan nan nan
10.0 946.002219537 11867.9701085 7356120.97924 1.58338054326e+12 7478634.17893 1.68362489706 5962052.32319 0.346304429433
20.0 10599.8216589 6076.93167329 556079.783198 8353470292.42 462941.240979 1.80736579873 491509.568145 0.492546625314
30.0 48806.3633159 4294.88249971 155299.19253 465596009.831 98754.4577248 1.89158907949 145000.516236 0.583217898213
40.0 118445.271373 3224.89656488 65543.1645878 74159376.2106 35869.6232253 1.91790961923 62186.5626822 0.601954782075
50.0 203251.21326 2511.51419084 34282.0838038 20440704.9316 17507.5569879 1.92617161031 32672.8483122 0.609012048715
60.0 290957.585836 1981.30947181 20378.5677641 7508357.13986 10060.3559127 1.92910293125 19445.195209 0.620800200757
70.0 377297.441213 1558.83328358 13047.0943946 3197312.19279 6318.19181824 1.93043596395 12452.8520863 0.641595904618
80.0 462003.851014 1226.8138843 8800.07331132 1497820.72968 4207.08208367 1.9314602034 8400.51439919 0.671151323367
90.0 545657.785881 975.526068733 6213.61576493 761313.189969 2941.88553365 1.9326682417 5933.47704371 0.706990644829
100.0 628452.29384 789.389487872 4574.07527131 417093.702088 2149.47342407 1.93412170886 4370.22097565 0.746007306834
110.0 710042.673279 651.764723818 3493.16498578 244502.384622 1632.53952158 1.93570313853 3339.65832468 0.785482833232
120.0 789766.38875 548.939644626 2753.38972948 152143.766392 1282.1245515 1.93727848982 2634.12485465 0.823492186407
130.0 866887.690474 470.855646182 2229.57866907 99726.5351728 1036.106951 1.93875522603 2134.27434339 0.858898803891
140.0 940759.552704 410.466586238 1847.32647071 68380.1914175 857.875704676 1.94008565247 1769.24611445 0.891174541847
150.0 1010899.22237 362.898373062 1560.87265188 48748.0699585 725.111619412 1.94125402719 1495.48973057 0.920194963219
160.0 1077003.9626 324.768208335 1341.1367316 35941.4663568 623.756653076 1.94226344834 1285.33528532 0.946073268
170.0 1138933.9988 293.702899177 1169.0717999 27282.0542649 544.682703106 1.94312653397 1120.65701742 0.969045196153
180.0 1196681.78183 268.013971878 1031.8566424 21238.4174481 481.795347092 1.94385971666 989.248762551 0.989396781256
190.0 1250338.7991 246.481635679 920.645253433 16900.5953362 430.921256903 1.94448007398 882.684036158 1.0074224558
200.0 1300065.51907 228.210996391 829.197012223 13708.8522172 389.136211044 1.9450037292 795.0142302 1.02340272839
210.0 1346066.6146 212.535576794 753.019882125 11307.9738251 354.348058934 1.94544515673 721.954490308 1.03759370844
220.0 1388571.75986 198.951826242 688.820960206 9466.09835705 325.031324708 1.94581697893 660.361567333 1.05022343261
230.0 1427821.43393 187.074079262 634.145997552 8027.97458586 300.05435645 1.94613001303 607.891136123 1.06149187835
240.0 1464056.8581 176.603152945 587.137911144 6887.21824512 278.56432443 1.94639343197 562.768123381 1.07157281835
250.0 1497513.16993 167.304153323 546.371883525 5969.38293336 259.909190985 1.94661496619 523.629789256 1.08061646041
260.0 1528415.03805 158.990580478 510.740761927 5221.36494175 243.583799258 1.94680110839 489.416608226 1.08875229353
270.0 1556974.06277 151.512798131 479.374112112 4604.61623125 229.191998035 1.94695730361 459.295147029 1.0960918398
280.0 1583387.44886 144.749566323 451.580180569 4090.70288319 216.419618134 1.9470881174 432.602734223 1.10273117143
290.0 1607837.55993 138.601750632 426.803700477 3658.34065993 205.014913086 1.94719738053 408.80720975 1.1087531405
300.0 1630492.06526 132.987596509 404.594818643 3291.38013711 194.774212789 1.94728831146 387.477265587 1.11422931627
310.0 1651504.46853 127.839141961 384.585936559 2977.41401558 185.531269775 1.94736361895 368.260327808 1.11922164811
320.0 1671014.86841 123.099467247 366.474256124 2706.7993658 177.149255886 1.94742558729 350.865877841 1.12378388235
330.0 1689150.84585 118.720566423 350.008486941 2471.96117287 169.514684936 1.94747614714 335.052743822 1.12796276404
340.0 1706028.40565 114.661685441 334.978623737 2266.88952669 162.532751188 1.94751693393 320.61932244 1.13179905386
350.0 1721752.92394 110.888013587 321.208012606 2086.77202963 156.123719924 1.94754933632 307.395986629 1.13532838786
360.0 1736420.07017 107.36964491 308.547140546 1927.7218905 150.220107821 1.94757453623 295.239139839 1.13858200426
370.0 1750116.68425 104.080747697 296.868734539 1786.57457957 144.764461911 1.94759354192 284.026522153 1.14158735852
380.0 1762921.59781 100.998895554 286.063864551 1660.73418686 139.707596308 1.94760721553 273.65347651 1.14436864444
390.0 1774906.39425 98.1045249872 276.038822477 1548.05621039 135.007181985 1.94761629588 264.02995734 1.14694723638
400.0 1786136.10639 95.3804927254 266.712605547 1446.75732227 130.626611026 1.9476214175 255.078117749 1.14934206541
410.0 1796669.85252 92.8117122252 258.014874064 1355.34530843 126.534075899 1.94762312648 246.730350894 1.15156993983
420.0 1806561.41373 90.3848534603 249.884283992 1272.56423262 122.701818362 1.94762189372 238.927690394 1.15364581896
430.0 1815859.756 88.0880936037 242.267117711 1197.35118932 119.105513136 1.94761812607 231.618496453 1.15558304759
440.0 1824609.50108 85.910908885 235.116153467 1128.80195073 115.723759311 1.9476121757 224.757370754 1.15739355723
450.0 1832851.35047 83.8438999486 228.389727034 1066.14349293 112.537658415 1.94760434788 218.30425564 1.15908803917
460.0 1840622.46648 81.8786446239 222.050949046 1008.71188172 109.530462612 1.94759490776 212.223682586 1.16067609387
470.0 1847956.81463 80.0075732337 216.067049096 955.934363542 106.687279943 1.9475840859 206.484142267 1.16216636007
480.0 1854885.47092 78.2238625369 210.408823576 907.314777665 103.994826236 1.94757208308 201.057554181 1.16356662666
490.0 1861436.89773 76.5213451418 205.050168867 862.421607806 101.441215364 1.94755907437 195.918818167 1.16488392991
500.0 1867637.19139 74.8944318276 199.967685058 820.878144365 99.0157812039 1.9475452126 191.045433631 1.16612463815
510.0 1873510.3044 73.3380446818 195.140338212 782.354343639 96.7089258719 1.94753063132 186.417174984 1.16729452564
520.0 1879078.24511 71.8475593393 190.549171446 746.560059253 94.5119898859 1.94751544732 182.015813959 1.1683988372
530.0 1884361.25698 70.418754909 186.177056894 713.239388751 92.417140664 1.94749976281 177.824881184 1.16944234491
540.0 1889377.97986 69.0477704214 182.008482008 682.165931101 90.4172764398 1.94748366734 173.829460751 1.17042939785
550.0 1894145.59501 67.7310668281 178.029364854 653.138791611 88.5059431841 1.94746723934 170.016012633 1.17136396597
560.0 1898679.95573 66.4653937404 174.226893947 625.979203324 86.6772625381 1.94745054758 166.372218686 1.17224967878
570.0 1902995.70493 65.2477602353 170.589388952 600.527658555 84.9258691058 1.94743365234 162.886848703 1.17308985947
580.0 1907106.38136 64.0754091548 167.106179164 576.641464826 83.2468557283 1.94741660646 159.549643549 1.17388755525
590.0 1911024.51529 62.9457944224 163.767497208 554.19265499 81.6357255853 1.94739945625 156.351212936 1.17464556421
600.0 1914761.71507 61.8565609677 160.564385795 533.066194295 80.088350158 1.94738224232 153.282945741 1.17536645917
610.0 1918328.74539 60.8055269181 157.488615711 513.158437063 78.6009322379 1.94736500019 150.336931129 1.17605260905
620.0 1921735.59808 59.7906677595 154.532613523 494.375794299 77.1699732916 1.94734776097 147.505889015 1.17670619773
630.0 1924991.55629 58.8101022195 151.689397663 476.633579738 75.7922445999 1.94733055182 144.783108583 1.17732924112
640.0 1928105.25268 57.8620796537 148.952521818 459.855007745 74.4647616707 1.94731339647 142.162393834 1.17792360231
650.0 1931084.72226 56.9449687547 146.316024658 443.970320595 73.1847615062 1.94729631559 139.638015224 1.17849100518
660.0 1933937.4504 56.0572474207 143.774385101 428.916026317 71.9496823581 1.94727932713 137.204666631 1.17903304666
670.0 1936670.41646 55.1974936496 141.322482413 414.634231516 70.7571456616 1.94726244667 134.857426977 1.17955120773
680.0 1939290.1336 54.364377335 138.95556057 401.072055841 69.60493988 1.94724568769 132.591725933 1.18004686329
690.0 1941802.68499 53.5566528661 136.669196325 388.181116773 68.4910060286 1.94722906175 130.403313209 1.18052129116
700.0 1944213.75684 52.773152434 134.459270581 375.917075418 67.4134246793 1.94721257881 128.288231014 1.18097568013
710.0 1946528.66861 52.0127799734 132.321942654 364.239235021 66.3704042716 1.94719624732 126.242789288 1.18141113728
720.0 1948752.40061 51.2745056659 130.253627098 353.110185406 65.3602705794 1.94718007444 124.263543418 1.18182869459
730.0 1950889.61917 50.5573609447 128.250972806 342.495487391 64.3814572044 1.94716406617 122.347274125 1.18222931494
740.0 1952944.69985 49.8604339502 126.310844126 332.363392133 63.4324969795 1.94714822751 120.490969302 1.18261389759
750.0 1954921.74849 49.1828653869 124.430303771 322.684591035 62.512014183 1.94713256251 118.691807571 1.18298328312
760.0 1956824.62078 48.5238447422 122.606597332 313.431992486 61.6187174766 1.94711707445 116.947143388 1.18333825799
770.0 1958656.93997 47.8826068303 120.837139217 304.580522152 60.7513934888 1.94710176588 115.254493511 1.18367955857
780.0 1960422.11335 47.258428628 119.11949986 296.106944025 59.9089009767 1.94708663873 113.611524704 1.18400787501
790.0 1962123.34729 46.6506263744 117.451394091 287.989699846 59.0901655055 1.94707169437 112.01604254 1.18432385457
800.0 1963763.66115 46.0585529095 115.830670514 280.208764688 58.2941745948 1.94705693365 110.465981195 1.18462810484
810.0 1965345.90002 45.4815952284 114.255301822 272.745516921 57.519973282 1.94704235702 108.95939412 1.18492119659
820.0 1966872.74657 44.9191722294 112.723375934 265.582620935 56.7666600631 1.94702796453 107.494445525 1.18520366639
830.0 1968346.73188 44.3707326424 111.233087886 258.703921171 56.0333831744 1.94701375588 106.069402576 1.18547601906
840.0 1969770.24554 43.8357531152 109.782732397 252.094346282 55.3193371808 1.94699973048 104.682628246 1.18573872986
850.0 1971145.5449 43.3137364485 108.370697044 245.739822273 54.6237598424 1.94698588749 103.332574749 1.18599224657
860.0 1972474.7637 42.8042099638 106.995455994 239.627193713 53.9459292329 1.94697222582 102.017777514 1.18623699135
870.0 1973759.92 42.3067239931 105.655564236 233.744152138 53.2851610872 1.94695874418 100.736849638 1.18647336249
880.0 1975002.92358 41.8208504794 104.349652273 228.079170938 52.6408063558 1.94694544113 99.4884767764 1.18670173598
890.0 1976205.58274 41.3461816804 103.076421218 222.621446008 52.0122489489 1.94693231506 98.2714124349 1.18692246703
900.0 1977369.61066 40.8823289636 101.83463828 217.360841652 51.398903652 1.94691936422 97.084473623 1.18713589135
910.0 1978496.63131 40.4289216881 100.623132583 212.28784116 50.800214199 1.94690658677 95.9265368366 1.18734232653
920.0 1979588.18489 39.985606164 99.4407913058 207.393501623 50.2156514882 1.94689398076 94.796534345 1.18754207312
930.0 1980645.73293 39.5520446847 98.2865561053 202.669412585 49.6447119293 1.94688154417 93.6934507512 1.18773541572
940.0 1981670.66302 39.1279146238 97.1594198002 198.107658127 49.0869159105 1.94686927491 92.6163198052 1.187922624
950.0 1982664.29323 38.7129075947 96.0584232983 193.70078211 48.5418063751 1.94685717082 91.5642214489 1.18810395364
960.0 1983627.87619 38.3067286659 94.9826527389 189.441756216 48.0089474993 1.94684522972 90.5362790687 1.18827964714
970.0 1984562.60297 37.9090956266 93.9312368421 185.323950607 47.4879234619 1.94683344938 89.5316569477 1.18844993469
980.0 1985469.60658 37.5197383024 92.9033444394 181.341106886 46.9783372995 1.94682182755 88.5495578917 1.18861503485
990.0 1986349.96537 37.1383979137 91.8981821766 177.487313208 46.4798098397 1.94681036195 87.5892210209 1.1887751553
1000.0 1987204.70611 36.7648264758 90.9149923713 173.756981307 45.9919787063 1.94679905029 86.649919711 1.18893049345
