% Model:              Post reunió 7 - Tau nula - grafica k vs ell - parametrics no tan heavy.mph
% Version:            COMSOL 5.4.0.388
% Date:               Jul 28 2024, 11:27
% Table:              Table 1 - Point Evaluation KCM 2.2 (T_KCM)
% Time (s)               ell=8E-8, Temperature (K), Point: (7.5E-8, 5E-8)ell=8.2E-8, Temperature (K), Point: (7.5E-8, 5E-8)ell=8.4E-8, Temperature (K), Point: (7.5E-8, 5E-8)ell=8.6E-8, Temperature (K), Point: (7.5E-8, 5E-8)ell=8.8E-8, Temperature (K), Point: (7.5E-8, 5E-8)ell=9E-8, Temperature (K), Point: (7.5E-8, 5E-8)ell=9.2E-8, Temperature (K), Point: (7.5E-8, 5E-8)ell=9.4E-8, Temperature (K), Point: (7.5E-8, 5E-8)ell=9.6E-8, Temperature (K), Point: (7.5E-8, 5E-8)ell=9.8E-8, Temperature (K), Point: (7.5E-8, 5E-8)ell=1E-7, Temperature (K), Point: (7.5E-8, 5E-8)
0                        0.999135635300627        0.9991394132346532       0.9991429595334997       0.9991462920492549       0.999149427019209        0.9991523792290922       0.9991551621586654       0.9991577881115987       0.9991602683313751       0.9991626131047738       0.9991648318543285
1.0E-11                  0.9573298987202724       0.9590709283271407       0.9607109628270991       0.9622572329614557       0.9637163776551676       0.9650944958032631       0.966397193643847        0.9676296279996117       0.9687965456825067       0.9699023193572107       0.9709509801521823
2.0E-11                  0.9172734892468974       0.9206093931837689       0.9237573245129512       0.9267302034366302       0.92953995456282         0.9321975856620321       0.9347132610594402       0.9370963697282635       0.9393555882469394       0.9414989388466029       0.9435338428146944
3.0E-11                  0.8783709943052457       0.8832092339994285       0.887781321806945        0.8921049167739317       0.8961963916781504       0.9000709243288098       0.9037425844712605       0.9072244158882534       0.9105285135033298       0.9136660954483373       0.9166475701686709
4.0E-11                  0.8408689117765371       0.8470983921026642       0.8529939615953583       0.8585769112535531       0.8638670839933511       0.8688829625234735       0.8736417558348428       0.878159483165377        0.882451054660866        0.8865303482284892       0.8904102822881419
4.9999999999999995E-11   0.804921154645384        0.8124205359225704       0.8195293978890266       0.8262715099210596       0.8326691611617725       0.838743229676537        0.8445132550431866       0.8499975123092118       0.8552130857690288       0.8601759414257095       0.8649009973235835
6.0E-11                  0.7705109110851713       0.7791628725762171       0.7873781708434197       0.7951820133036982       0.8025982055740017       0.8096491899296521       0.8163560932345051       0.8227387812573428       0.8288159169654966       0.8346050209335469       0.8401225324433037
6.999999999999999E-11    0.7375808921793862       0.7472751220025519       0.7564960761512536       0.7652694937246173       0.773619880544595        0.781570508236357        0.7891434294844547       0.7963595053655603       0.8032384414702212       0.8097988301948126       0.8160581971316452
8.0E-11                  0.7060640336327748       0.7166977495098319       0.7268301638329236       0.7364867702775618       0.7456920689668582       0.7544695203873845       0.7628415223956903       0.7708294052789466       0.7784534407480337       0.7857328615091723       0.7926858886991122
9.0E-11                  0.6758959439667198       0.6873734529768657       0.6983293504811905       0.7087882237387862       0.7187739609384339       0.7283096565827286       0.7374175467286515       0.7461189682389522       0.7544343371783411       0.7623831423262971       0.7699839504875494
9.999999999999999E-11    0.64701712733425         0.6592492414379939       0.6709463623138996       0.6821316126907048       0.6928277513169088       0.7030570284420694       0.7128410774928271       0.7222008364529099       0.73115649345898         0.7397274519994934       0.7479323118581471
1.1E-10                  0.6193720405604927       0.6322755902309155       0.6446369755984516       0.6564773883927828       0.6678180198509426       0.6786798665677892       0.6890835782402438       0.6990493403563368       0.7085967858629892       0.7177449307252142       0.7265121290620412
1.2E-10                  0.5929080203173611       0.6064054685952994       0.6193591327285395       0.6317878891201073       0.643710995001387        0.6551478462694873       0.6661177821216135       0.6766399292787226       0.6867330795122666       0.6964155950360338       0.7057053370884754
1.3E-10                  0.5675747167447954       0.5815938292706339       0.5950724806308829       0.6080269213318965       0.6204741727426106       0.6324317396253455       0.643917373460935        0.6549488793053888       0.6655439597362434       0.6757200902316949       0.6854944210528714
1.3999999999999998E-10   0.5433238780987741       0.5577974195900168       0.5717382041718615       0.5851596120077167       0.5980761850455361       0.6105032978120097       0.6224568820219907       0.6339531978862969       0.6450086456858294       0.6556396118712304       0.6658623446127142
1.5E-10                  0.5201092686549806       0.5349747146850568       0.5493189716928604       0.5631523641431431       0.5764867634381722       0.5893352212105881       0.6017116584389091       0.6136306036077604       0.6251069736523156       0.636155891996496        0.6467925385745014
1.6E-10                  0.49788660901102777      0.5130858710037054       0.5277788990489188       0.5419728291661206       0.5556767180929003       0.5689011438036452       0.581657862835826        0.5939595181656673       0.6058193916984853       0.6172511958638656       0.6282688992791982
1.6999999999999998E-10   0.4766132684476726       0.49209246542200813      0.50708332792952         0.5215897182083088       0.5356177768450479       0.5491754956067143       0.5622723470539476       0.5749189653630552       0.5871268728920316       0.5989082472854214       0.6102757242609851
1.8E-10                  0.4562487515353044       0.47195791689806954      0.48719919171709064      0.5019731199911734       0.5162828617910213       0.5301337436921931       0.5435328649878776       0.5564887549411965       0.5690110762139035       0.5811103696862037       0.5927978360897601
1.9E-10                  0.436754320421918        0.4526471647539664       0.468094740880329        0.483094265936323        0.49764588794961284      0.5117522192507187       0.5254179237362437       0.5386493542048866       0.551454235621603        0.5638413900494009       0.5758204990423824
1.9999999999999998E-10   0.4180928826470551       0.43412657474171357      0.4497394641246154       0.4649254638103562       0.47968170727963033      0.4940080702402223       0.507906743450035        0.5213818538897648       0.5344391309606563       0.5470856140650775       0.5593293978192788
2.1E-10                  0.4002288650189414       0.4163638324582353       0.4321039981131427       0.44744002108200853      0.46236604346351745      0.47687920576458087      0.4909792097855753       0.5046679274245743       0.5179490529817887       0.5308277960217497       0.5433106115736159
2.2E-10                  0.38312818477122534      0.3993279202912058       0.41516010905253936      0.4306122302267237       0.4456754801930165       0.4603442867490109       0.4746158664955492       0.4884898250575862       0.5019677986976852       0.5150531351486268       0.5277506110424235
2.2999999999999998E-10   0.36675820897007727      0.3829890841453521       0.39888066538926287      0.41441734629737415      0.4295874427237524       0.4443827107543556       0.4587979029135745       0.4728303635312538       0.48647966285606986      0.4997472685673179       0.5126362527154867
2.4E-10                  0.35108771373767994      0.3673187997348568       0.38323960990629513      0.3988315637923456       0.4140801786705052       0.42897459600902         0.4435071406574173       0.4576729149932687       0.4714694286782778       0.4848962635453915       0.49795477234673285
2.4999999999999996E-10   0.3360868095291034       0.35228971034496204      0.3682119077998629       0.38383197326544344      0.39913272168582725      0.41410075095167964      0.42872600804390704      0.4430013854660224       0.45692234970835893      0.47048660216728966      0.4836937719852131
2.6E-10                  0.32172688607190036      0.33787558048291844      0.3537735075994967       0.3693965283187794       0.3847248635329989       0.3997426505598801       0.41443751998793177      0.428800197745828        0.4428241352375481       0.4565051688878576       0.4698412093267592
2.7E-10                  0.3079805495565824       0.32405124307971606      0.3399012967193944       0.35550400812477256      0.37083712243399336      0.3858824095733496       0.40062525531111504      0.41505427213991486      0.42916093392254984      0.44293923657596473      0.45638538580243715
2.7999999999999996E-10   0.2948215789576347       0.31079256262054156      0.32657307029691623      0.34213399105269104      0.3574507207157971       0.37250276351849587      0.38727334060851304      0.4017490127273337       0.4159193220659425       0.42977645650072965      0.44331493800773697
2.9E-10                  0.2822248731261931       0.2980763906903966       0.3137674937962102       0.32926682316927186      0.34454755824194433      0.35958704626694193      0.3743664312649821       0.3888702912758875       0.4030862899692695       0.41700484673343075      0.43061882782993466
3.0E-10                  0.27016640723673574      0.2858805292215593       0.3014640719610671       0.3168835919802081       0.332110190175769        0.3471191711791974       0.36188969544287064      0.3764044336250737       0.39064923033559124      0.40461278225504343      0.41828633399687165
3.0999999999999996E-10   0.258623181942246        0.2741836875862901       0.2896431125687583       0.3049660957761887       0.32012180102401133      0.3350836090972884       0.3498287953973518       0.3643382037999554       0.3785959247430312       0.39258898342178267      0.40630704222622394
3.2E-10                  0.2475731815789005       0.26296544712025866      0.2782856962914003       0.29349681800407645      0.3085661828193771       0.3234653697500704       0.33816987160861506      0.35265879045253207      0.3669145320434297       0.38092250602448907      0.3946708366955867
3.3E-10                  0.23699532947235177      0.2522062231997979       0.26737364449380224      0.2824588998978835       0.2974277118357667       0.312249981921331        0.326899525870791        0.34135379242323405      0.3555935760187612       0.3696027307217141       0.3833678909839054
3.3999999999999996E-10   0.22686945048619836      0.24188723333465562      0.2568894920343821       0.271836117276551        0.2866913287788884       0.301423476520975        0.3160048068096802       0.3304112063376692       0.344621934745762        0.3586193539088573       0.3723886602221466
3.5E-10                  0.21717623102280378      0.23199046312551155      0.24681645827674903      0.26161285584234295      0.2763425177204336       0.29097236860329323      0.3054731945180335       0.31981941346370374      0.3339888293405134       0.34796237806748187      0.3617238728081307
3.6E-10                  0.20789718379148847      0.22249863616699284      0.23713842136960606      0.2517740891893731       0.2663672872820031       0.28088364125498316      0.29529258674666287      0.30956716786477223      0.3236838137843352       0.3376221030178207       0.35136452287675185
3.6999999999999996E-10   0.1990146109552367       0.21339518256159942      0.22783989133739482      0.2423053557943981       0.25675215094831527      0.27114472873830536      0.2854512844583293       0.2996435840079779       0.3136967642830899       0.3275891167718424       0.3413018624281097
3.8E-10                  0.19051157137398247      0.2046642108232294       0.21890598597784733      0.2331927383341084       0.2474841093106347       0.261743501237379        0.2759379787145859       0.2900381254817598       0.3040178695511705       0.3178542871578309       0.33152739410010973
3.9E-10                  0.1823718473058578       0.1962904793049733       0.21032240634361693      0.22442284264000517      0.238550631995317        0.2526682493315575       0.26674173732657414      0.2807405935097813       0.29463762091985174      0.3084087532937901       0.3220328638111079
3.9999999999999996E-10   0.17457991439284676      0.18825937035877788      0.20207541449794433      0.21598277854790435      0.2299396411724667       0.24390766978807177      0.2578519926085993       0.27174111638777243      0.28554680321908277      0.2992439177098598       0.31281025394788115
4.1E-10                  0.16712091139686033      0.18055686427085094      0.1941518110701757       0.2078601405698624       0.2216394949078484       0.2354508512169292       0.24925852901113854      0.2630301388152136       0.2767364855678531       0.2903514383914624       0.30385177648505596
4.2E-10                  0.15998061244578526      0.17316951528501773      0.1865389145490538       0.20004299001337758      0.21363897172108018      0.2272872607321268       0.24095147159416508      0.2545984119294493       0.2681980127523695       0.28172322131491756      0.2951498665176053
4.2999999999999996E-10   0.15314539934807153      0.1660844276671642       0.17922454059701864      0.1925198371072107       0.20592725514039872      0.21940673060266502      0.2329212744859479       0.24643698332276182      0.25992299658598605      0.27335141296452004      0.2866971757751691
4.4E-10                  0.14660223602235245      0.15928923353151         0.17219698283265528      0.1852796243512665       0.19849391927865456      0.21179944575623563      0.22515871005441243      0.23853718765547932      0.251903307768206        0.2652283932679523       0.2784865664874164
4.5E-10                  0.14033864326448117      0.15277207093845113      0.16544499383153916      0.1783117100420317       0.1913289145504084       0.20445593139633375      0.2176548581697193       0.23089063734250273      0.24413106780283708      0.25734676857942124      0.27051110528798106
4.5999999999999996E-10   0.13434267526795052      0.14652156345791298      0.15895776735221234      0.17160585282257718      0.18442255424631626      0.1973670413371771       0.21040109606833712      0.2234892137443055       0.23659864133965997      0.24969936501871165      0.2627640574178297
4.699999999999999E-10    0.12860289658069593      0.14052680009143484      0.1527249208569495       0.1651521964747966       0.17776550130662364      0.19052394650237733      0.20338908835190037      0.21632505846899508      0.22929862860772807      0.24227922188595186      0.2552388809913002
4.8E-10                  0.12310836051306732      0.13477731640963536      0.1467364790503822       0.1589412555642224       0.1713487558090385       0.18391812402248978      0.19661077748843353      0.20939056509609316      0.22222385820298202      0.23507958537433604      0.24792922151294317
4.9E-10                  0.11784858805936867      0.12926307611570656      0.14098285777136554      0.15296390137768318      0.16516364269939898      0.1775413465339355       0.1900583744806901       0.2026783710391082       0.2153673799912427       0.22809390237887012      0.2408289064743841
4.999999999999999E-10    0.11281354806558883      0.12397445365524357      0.135454848763165        0.14721134859823665      0.15920180014133337      0.1713856719977908       0.18372434997132164      0.19618134977539373      0.20872245832024403      0.2213158145653581       0.23393194017052565
5.1E-10                  0.10799363795789155      0.11890221729497044      0.1301436048354923       0.14167514230746617      0.15345516813940718      0.1654434337471084       0.17760142553909863      0.18989260323582713      0.20228256536546538      0.2147391525515145       0.22723249860982025
5.2E-10                  0.10337966554343103      0.11403751310477234      0.1250406257871143       0.13634714562803635      0.14791597770124834      0.15970723098803924      0.17168256537735307      0.18380545451657795      0.19604137474755218      0.20835793031724423      0.22072492461806761
5.299999999999999E-10    0.09896283137850333      0.10937184941689508      0.1201377447294611       0.13121952770306486      0.14257674028251477      0.1541699195384813       0.16596096817193814      0.17791344075854335      0.18999275529072246      0.20216633973356465      0.21440372304214617
5.4E-10                  0.09473471206617877      0.10489708207051712      0.11542711507337694      0.1262847522351925       0.13743023770415969      0.14882460296527678      0.1604300593155704       0.1722103063107923       0.18413076502107817      0.196158745294301        0.20826355612524772
5.5E-10                  0.09068724411632895      0.10060540013150618      0.1109011979169562       0.12153556636395124      0.13246951235491888      0.14366462396184476      0.1550834833248627       0.16668999606492785      0.17844964530910634      0.1903296789694922       0.20229923898492988
5.599999999999999E-10    0.0868127086237089       0.09648931230565232      0.10655275002070369      0.11696499004024269      0.12768785781438985      0.1386835560816065       0.14991509655834812      0.16134664904412954      0.1729438152277506       0.18467383524135284      0.1965057352458502
5.7E-10                  0.08310371649307913      0.09254163381619064      0.10237481217626539      0.11256630573413215      0.12307880975822706      0.13387519571011272      0.1449189601364471       0.15617459216306004      0.1676078660550921       0.17918606626267616      0.1908781527762382
5.8E-10                  0.07955319438801477      0.08875547389698125      0.09836069809830261      0.10833304858680091      0.11863613724021621      0.12923355435685138      0.1400893331325655       0.1511683342177375       0.16243655597212242      0.17386137718080386      0.18541173956494084
5.899999999999999E-10    0.07615437120196915      0.0851242237308101       0.0945039836951899       0.10425899688453732      0.1143538342478955       0.12475285117929158      0.13542066596129873      0.14632255907792427      0.15742480490250027      0.1686949215821451       0.18010187970086616
6.0E-10                  0.07290076517343524      0.08164154493758541      0.09079849680852836      0.10033816141630966      0.11022611159794363      0.12042750579591056      0.13090759401235483      0.14163212230244215      0.15256768870256013      0.16368199708776154      0.17494408948094484
6.1E-10                  0.06978617149548891      0.07830135848556176      0.08723830731402096      0.09656478020923308      0.10624738909429932      0.11625213132297801      0.12654493045474194      0.13709204447237924      0.14786043624656456      0.1588180403578212       0.1699340136180817
6.199999999999999E-10    0.06680465050257096      0.07509783409717045      0.08381771764545955      0.09293330816012174      0.1024122879948174       0.11222152656255856      0.12232766266668212      0.13269750576565884      0.14329842371357357      0.15409862459288093      0.16506742156751888
6.3E-10                  0.06395051632180995      0.07202538005389804      0.08053125366084679      0.08943840865811473      0.09871562372836594      0.10833067211734783      0.11825094519969132      0.1284438406170202       0.13887716992617657      0.14951945462386734      0.16034020335853277
6.4E-10                  0.061218326043655645     0.0690786334477972       0.07737365589192584      0.0860749453959722       0.09515239773190522      0.10457472275125468      0.11431009406283116      0.12432653291838061      0.13459233175829843      0.1450763629022444       0.15574836750334975
6.499999999999999E-10    0.058602869326188474     0.06625245080696558      0.07433987111550454      0.08283797506622842      0.09171779340528409      0.10094900119127034      0.11050058110539693      0.12034121131696228      0.1304396999997098       0.14076530554295158      0.15128803689296544
6.6E-10                  0.056099158468315154     0.06354189763870322      0.07142504427347948      0.07972274024510792      0.08840716814597128      0.09744899204779942      0.10681802897702099      0.11648366371453542      0.12641519530027953      0.13658235875585945      0.14695544543991435
6.7E-10                  0.053702417312485436     0.06094224330316115      0.06862450940841555      0.07672468684979666      0.08521604690036678      0.09407033636931379      0.10325820619655623      0.11274978651039237      0.12251486483296396      0.1325237153419948       0.14274693476128414
6.799999999999999E-10    0.0514080758460206       0.0584489508794338       0.06593378521861967      0.07383939809549996      0.08214011584859945      0.09080882632176625      0.09981702310404303      0.10913560685623909      0.11873487635506622      0.1285856818078396       0.13865895118279714
6.9E-10                  0.049211759488589205     0.0560576690191075       0.06334856626411088      0.07106262232643054      0.0791752167598341       0.08766041987995374      0.09649052466677666      0.10563728365104957      0.11507151660205531      0.12476467322622337      0.13468804279421182
7.0E-10                  0.047109280507597176     0.05376422401302346      0.06086471588269857      0.0683902734491958       0.07631734148452204      0.08462118750704044      0.09327488855418425      0.10225110188666103      0.11152118696957215      0.12105721183966595      0.13083085702178354
7.099999999999999E-10    0.04509662967388348      0.051564612749445286     0.05847825927601233      0.06581842285510492      0.0735626274441007       0.08168733509932445      0.09016641993295607      0.0989734512943294       0.10808040003332556      0.11745992331527784      0.12708413630238496
7.2E-10                  0.04316996887549099      0.04945499587522694      0.056185377358055816     0.0633432719216869       0.07090734962868818      0.07885520469853731      0.08716154728625813      0.09580085775296107      0.10474577588818046      0.11396953372171936      0.12344471690246771
7.3E-10                  0.041325623956792526     0.047431712566589866     0.05398240077097141      0.06096119031583491      0.06834791848113157      0.07612126827225062      0.08425681802487228      0.09272995979379653      0.10151403886584828      0.11058286634606247      0.11990952575881167
7.399999999999999E-10    0.03956009917360091      0.04549122189922103      0.05186582367704986      0.05866868583067621      0.06588087413928018      0.07348210538936682      0.08144889456589535      0.08975750289037435      0.09838201433770925      0.10729683883529331      0.11647557792464693
7.5E-10                  0.03787001824868816      0.043630126983320895     0.04983225036256332      0.05646239650667165      0.06350288182854859      0.07093443522304618      0.07873455052321167      0.08688033259780707      0.09534663897333431      0.10410846040858134      0.11313997387809627
7.6E-10                  0.03625214832844546      0.04184517491455661      0.04787841748481343      0.054339081502928856     0.061210727036457024     0.06847509202106214      0.07611068168783497      0.0840953937797551       0.09240492542577589      0.10101484127185985      0.10989989710147613
7.699999999999999E-10    0.03470339970122598      0.0401332492449295       0.046001194229223004     0.05229561959258598      0.05900131121811152      0.0661010189287462       0.07357426693229221      0.08139972886868886      0.0895539779626032       0.09801316070007286      0.10675261171782202
7.8E-10                  0.033220818037512895     0.03849134572726024      0.04419757561846619      0.05032900648627772      0.05687164763645943      0.06380926069836608      0.07112238521204425      0.07879047593084511      0.0867909932614857       0.09510068128039785      0.1036954708794736
7.9E-10                  0.031801560091951425     0.03691660502966228      0.04246466034835509      0.04843635199320946      0.054818872054704426     0.061596962678840884     0.06875221621220033      0.07626486493069087      0.08411325656039338      0.09227474972094837      0.10072588873412805
7.999999999999999E-10    0.03044292590345942      0.03540628618547542      0.04079968118151507      0.04661487471946969      0.05284020316790133      0.05946136882274453      0.06646103588783375      0.0738202147515406       0.08151812676037078      0.0895327934474003       0.09784135303222341
8.1E-10                  0.029142332231337807     0.03395775939253623      0.03919998065972472      0.04486189801768642      0.05093295947447442      0.057399819524146474     0.06424620004444884      0.07145392988653822      0.07900305859772767      0.08687230711190723      0.09503942591273115
8.2E-10                  0.027897305211693594     0.032568497829110685     0.037663004640177654     0.04317484544496956      0.04909455967285611      0.05540974751517958      0.0621051681877448       0.069163498081707        0.07656558624333898      0.084290872899452        0.09231774097820131
8.299999999999999E-10    0.026705472093244684     0.031236076088512293     0.03618629487738192      0.041551237570086684     0.04732251793162622      0.0534886746632945       0.060035485469739136     0.06694648758373518      0.07420331938547604      0.08178614566716558      0.08967399142320048
8.4E-10                  0.025564559547121578     0.029958167618087027     0.034767487702521485     0.03998868816872754      0.04561442735563012      0.05163420839596703      0.05803477822327113      0.06480054479228828      0.07191393848216641      0.07935584945501478      0.08710594809466875
8.5E-10                  0.024472391000054654     0.028732542057989686     0.03340431177513686      0.038484901031014124     0.04396798335794854      0.04984403917007041      0.05610074864377383      0.06272339152453067      0.06969519428700148      0.07699777322051751      0.0846114464087739
8.599999999999999E-10    0.023426883889641696     0.027557060346732637     0.03209458572329167      0.03703766623886356      0.042380965508356204     0.04811593748610917      0.054231174121512814     0.06071282267463725      0.06754490669193394      0.07470977046670987      0.08218838333004992
8.7E-10                  0.022426044653332373     0.02642967106051707      0.03083621377055789      0.035644857046447806     0.040851232878748034     0.04644775136192023      0.05242390584047013      0.05876670373196985      0.06546096342269572      0.07248975824421916      0.07983471364768466
8.8E-10                  0.021467965020009885     0.02534840629212664      0.02962718243048184      0.03430442656154614      0.03937671859954027      0.04483740338771797      0.05067686723971408      0.056882968646483636     0.0634413174978184       0.07033571601013197      0.07754844969733996
8.899999999999999E-10    0.020550817828109084     0.024311378775943845     0.028465556792209423     0.03301440492900158      0.03795542903415709      0.043282888231883115     0.04898805106869052      0.05505961757049796      0.06148398517973288      0.06824568338488166      0.07532766052608728
9.0E-10                  0.019672854120193387     0.02331677842905512      0.027349477919129606     0.03177289633660741      0.036585442236957325     0.04178226999144995      0.047355517063931346     0.05329471481813042      0.05958704370542229      0.06621775832351881      0.07317047092304885
9.1E-10                  0.018832399631175552     0.022362869473890518     0.026277159733962375     0.0305780763434692       0.035264906299474416     0.04033367992780228      0.04577738936196195      0.05158638673325571      0.05774862966522586      0.0642500950960086       0.07107505949582016
9.199999999999999E-10    0.01802785187993358      0.02144798708268673      0.02524688641623381      0.029428189087643435     0.03399203623737051      0.038935314065253024     0.04425185466223075      0.04993281974600885      0.05596693711983296      0.062340902840278045     0.06903965708476234
9.3E-10                  0.01725767677766723      0.02057053459686654      0.02425700936733718      0.028321544773290297     0.032765111586610836     0.037585431034246206     0.042777160070719716     0.048332258397204515     0.05424021598760108      0.060488443890699975     0.06706254501689611
9.399999999999999E-10    0.016520405833759452     0.019728980565581585     0.02330594468126605      0.027256517117391934     0.031582473713732476     0.03628234981730484      0.04135161126791796      0.04678300351992942      0.05256677016603836      0.05869103234084694      0.0651420538515377
9.5E-10                  0.015814633178636364     0.01892185625133036      0.022392170452268774     0.026231541024472498     0.030442523918421987     0.03502444770696729      0.03997357037364346      0.04528341040457712      0.05094495591655582      0.05694703236987719      0.06327656193926723
9.6E-10                  0.015139013066398033     0.01814775297245283      0.02151422449830185      0.025245110241584708     0.029343721183563785     0.033810158230221245     0.0386414541293513       0.04383188708305291      0.049373180153376744     0.05525485679644634      0.061464494177966546
9.7E-10                  0.014492257211312004     0.017405319748496392     0.020670701938244537     0.024295775186939643     0.028284580279384332     0.03263796924771721      0.03735373196890273      0.04242689261114473      0.04784989896738989      0.053612965548427705     0.05970432056480593
9.8E-10                  0.013873132436705831     0.01669326083938507      0.019860253037500823     0.02338214078063076      0.02726366955304381      0.03150642103610291      0.03610892436444088      0.041066935452481274     0.04637361606653517      0.052019864338896674     0.0579945549390591
9.899999999999999E-10    0.013280458218090596     0.016010333547100006     0.019081580956292837     0.022502864422778938     0.02627960906634212      0.030414104503230524     0.03490560107424897      0.039750571876122784     0.0449428813624183       0.05047410326911927      0.05633375365321441
9.999999999999999E-10    0.012713104497019298     0.01535534598319414      0.01833343973058923      0.021656653994158146     0.025331068615940044     0.029359659403097798     0.03374237956421883      0.038476404440252104     0.043556289493837774     0.048974275558950946     0.05472051441995646
1.01E-9                  0.012169989461777447     0.014727155048184754     0.01761463222103689      0.020842265980349866     0.024416766047148167     0.028341772663845514     0.03261792335831594      0.037243080495597554     0.04221247847694162      0.04751901622085743      0.05315347509725349
1.02E-9                  0.011650077545426967     0.014124664394951482     0.01692400825065387      0.020058503626019707     0.023535465463477644     0.027359176731921366     0.03153094053946612      0.03604929076083087      0.04091012833313313      0.04610700084423065      0.051631312581212487
1.03E-9                  0.011152377408712652     0.013546822553628126     0.016260462727206958     0.01930421519198367      0.022685975623711715     0.026410648011534907     0.030480182225732642     0.03489376792230185      0.0396479598231404       0.0447369443597508       0.050152741650067015
1.04E-9                  0.010675940088636055     0.012992621060790516     0.01562293390942378      0.018578292248342294     0.02186714826658659      0.025495005326628965     0.029464441171190802     0.03377528529658767      0.03842473316949359      0.043407599896761094     0.048716513901420296
1.0499999999999999E-9    0.010219857152659353     0.01246109272539165      0.015010401675978495     0.017879668056654977     0.021077876597999284     0.024611108462352326     0.028482550354191647     0.03269265552090527      0.03723924685936368      0.04211775763016387      0.047321416672166626
1.0599999999999999E-9    0.0097832589929808       0.011951309916910317     0.014421885916438469     0.01720731599226526      0.020317093753592044     0.023757856733913032     0.027533381660308654     0.03164472929866589      0.03609033644565285      0.0408662436975935       0.04596627203753427
1.07E-9                  0.009365313144271765     0.011462382967357956     0.013856444941410974     0.016560248044013473     0.019583771394618407     0.022934187624573558     0.026615844564451447     0.030630394174126982     0.0349768734166472       0.03965191911462893      0.0446499358009716
1.08E-9                  0.008965222717640876     0.010993458601927329     0.013313173994567712     0.01593751335511134      0.018876918291586033     0.02213907545456685      0.02572888489361984      0.029648573355698794     0.03389776407459284      0.03847367875001203      0.04337129654369247
1.09E-9                  0.008582224864279201     0.01054371846406233      0.012791203789904778     0.015338196831702396     0.01819557900932641      0.021371530110423375     0.024871483600825715     0.028698224568842735     0.03285194847253929      0.037330450308447866     0.04212927467220637
1.1E-9                   0.008215589335294492     0.0101123776742649       0.012289699133641287     0.014761417792688861     0.01753883259256673      0.020630595806306343     0.024042655607174668     0.027778338952644664     0.03183839936434393      0.036221193364537475     0.04092282151682578
1.1099999999999999E-9    0.007864617076211585     0.009698683470317987     0.011807857576090763     0.01420632867972617      0.016905791337710627     0.019915349898433764     0.023241448659805448     0.02688793980874138      0.030856121203422463     0.03514489840810105      0.03975091843643597
1.1199999999999999E-9    0.0075286389042003975    0.009301913884507301     0.011344908136687638     0.01367211380782929      0.016295599577349693     0.01922490173183309      0.02246694224675534      0.02602608197991129      0.029904149157836943     0.034100585932305874     0.03861257596682026
1.13E-9                  0.007207014223029808     0.008921376491182052     0.01090011006213326      0.013157988169766686     0.015707432537227933     0.018558391534531607     0.021718246531249773     0.025191850625317654     0.028981548167994007     0.033087305536019136     0.03750683297856254
1.14E-9                  0.0068991298092574045    0.008556407191846405     0.010472751647939732     0.012663196279651947     0.015140495210597519     0.01791498934380449      0.020994501335589118     0.02438436022391278      0.028087412023170954     0.032104135063633805     0.036432755871431265
1.15E-9                  0.006604398636471426     0.008206369061435358     0.010062149093751922     0.012187011064906675     0.014594021292948092     0.017293893975069436     0.020294875147124268     0.02360275359345865      0.027220862475529572     0.031150179761392803     0.03538943778078906
1.16E-9                  0.006322258761306798     0.007870651231903858     0.009667645413973237     0.011728732795721975     0.014067272137724515     0.01669433202193521      0.01961856416767165      0.022846201008845754     0.026381048373872288     0.03022457146675035      0.03437599781598569
1.1699999999999999E-9    0.006052172247123149     0.007548667829883326     0.009288609382117998     0.0112876880583334       0.013559535764450457     0.01611555673517929      0.018964791385896834     0.022113899338363784     0.025567144830536077     0.029326467815099577     0.03339158031278538
1.1799999999999999E-9    0.005793624142092466     0.007239856950758418     0.008924434524184436     0.010863228763906529     0.013070125890386433     0.01555684746482668      0.018332805687951717     0.02140507470747478      0.02477835240842657      0.028455051475754136     0.03243535411404799
1.19E-9                  0.005546121493884891     0.006943679680767758     0.00857453814508618      0.01045473119726711      0.012598381007859287     0.015017508563603118     0.01772188099139403      0.02071897317415379      0.024013896337860816     0.02760952940569744      0.03150651186523687
1.2E-9                   0.005309192412510425     0.006659619153988679     0.008238360398770229     0.010061595099226389     0.012143663485838695     0.014496868497187853     0.017131315413368944     0.02005486481744412      0.02327302575357707      0.026789132129699397     0.030604269334985147
1.21E-9                  0.005082385168069572     0.00638717965223284      0.007915363390123848     0.0096832426391537       0.011705358711557163     0.013994278971511783     0.01656043046195513      0.019412043920277993     0.022555012958740645     0.02599311303827718      0.029727864750872822
1.22E-9                  0.004865267331379596     0.006125885738075175     0.007605030316046787     0.009319117907710752     0.011282874256532967     0.01350911415108449      0.016008570258393535     0.018789827930741427     0.02185915270872435      0.02522074770958787      0.028876558157832195
1.2299999999999999E-9    0.004657424947628449     0.0058752814264947315    0.007306864636828641     0.008968685916586007     0.01087563907828428      0.013040769895231686     0.015475100781898503     0.018187553539178544     0.021184761404642136     0.024471333139746185     0.02804963079187297
1.2399999999999999E-9    0.0044584617484687145    0.005634929387757738     0.007020389282888114     0.008631431790503463     0.010483102746151007     0.012588665867301195     0.014959409142470907     0.017604582448414657     0.020531176688786044     0.023744187358074105     0.027246384474387934
1.25E-9                  0.0042679983951334375    0.005404410058752026     0.0067451458901924945    0.008306859977317302     0.010104734699116685     0.012152237879895477     0.014460902875517495     0.01704029705736598      0.019897756651621877     0.0230386486707561       0.026466141021557893
1.26E-9                  0.004085671756144133     0.005183321207114018     0.0064806940677304675    0.007994493543508148     0.009740023526980526     0.011730941188931723     0.013979009149234924     0.016494099412068267     0.019283879184790312     0.022354075043208806     0.025708241672583426
1.27E-9                  0.003911134099439826     0.004971277069837092     0.006226610691950237     0.007693873487775406     0.009388476280391234     0.011324250595958265     0.013513174369317475     0.015965409945294905     0.01868894134369072      0.021689843490552894     0.02497204644055989
1.28E-9                  0.003744052699523714     0.004767907660766587     0.005982489118214226     0.007404558179700485     0.009049617803292586     0.010931659555308339     0.013062863402423405     0.015453667334575417     0.0181123587734566       0.021045349527942264     0.024256933786984736
1.2899999999999999E-9    0.0035841090577188386    0.004572858096237769     0.0057479387928112925    0.007126122364680581     0.008722990091589718     0.010552676969141046     0.01262755894491983      0.01495832818261224      0.017553565145997603     0.020420006630865732     0.0235622999827376
1.2999999999999999E-9    0.0034309982773397807    0.00438578799647227      0.005522584486961429     0.006858156902537849     0.008408151570722023     0.010186831781999355     0.012206760902720614     0.014478866661811716     0.017012011696804975     0.019813245790653307     0.02288755858539108
1.3099999999999998E-9    0.003284428456331928     0.004206370904230213     0.005306065679507909     0.006600268053716649     0.008104676739237036     0.009833669459270047     0.01179998583476377      0.014014773828051628     0.0164871664006214       0.019224514722879626     0.022232139922768925
1.32E-9                  0.0031441201496501606    0.004034293810796878     0.005098035954557124     0.006352076909260308     0.007812155465025293     0.009492751100425653     0.011406766408525216     0.013565557073345485     0.015978513748491657     0.01865327765222875      0.02159549062649857
1.33E-9                  0.0030098074716633956    0.0038692563173364897    0.004898162465480323     0.00611321879457437      0.007530192415869571     0.009163652392384515     0.011026650953022457     0.013130739517953413     0.015485554148397763     0.01809901473561883      0.02097707533084982
1.34E-9                  0.002881233625446662     0.003710970417768121     0.004706125413498252     0.00588334273992901      0.007258406501606031     0.008845963464505089     0.01065920266445659      0.012709859577391529     0.015007803442196864     0.017561221596547216     0.020376371009450903
1.3499999999999999E-9    0.0027581527229750885    0.003559159901141645     0.004521619249631305     0.005662110968408575     0.006996430375591047     0.008539288602494964     0.01030399939363449      0.012302470456833513     0.014544792397460593     0.017039408834774294     0.019792869523214365
1.3599999999999999E-9    0.0026403297625402066    0.0034135598765467684    0.004344348021618113     0.005449200135225361     0.006743909948240916     0.008243245938028528     0.009960633071242049     0.011908139719822512     0.014096066251865158     0.01653310158601192      0.01922607777842133
1.3699999999999998E-9    0.0025275400382203557    0.0032739162775648426    0.004174027312648753     0.005244296642378539     0.006500503988680925     0.00795746685968014      0.009628709246194599     0.011526448785743474     0.013661184269397348     0.01604183909251139      0.018675517134974614
1.38E-9                  0.002419567292013201     0.0031399854242651396    0.0040103842551053835    0.005047098615235832     0.006265883417962127     0.007681595553143804     0.00930784660100984      0.011156992499853621     0.013239721164480855     0.01556517435467238      0.01814072100540877
1.39E-9                  0.002316206162741717     0.0030115336011415444    0.0038531569475444283    0.00485731593326763      0.006039731122172597     0.007415288487973345     0.008997676518806938     0.010799378677349373     0.012831262199623755     0.015102673508792443     0.01762123850770596
1.4E-9                   0.002217260165963878     0.002888336718673284     0.003702092523239925     0.004674669656452115     0.0058217414438946295    0.007158214054289152     0.008697842662646319     0.01045322771121993      0.012435405355342342     0.014653915661200565     0.017116631819265395
1.4099999999999999E-9    0.002122541135570708     0.0027701797126068513    0.003556949798916836     0.004498890072997121     0.005611619775257586     0.0069100521341507355    0.008408000635521901     0.010118172157388961     0.01205176144063347      0.014218492434692205     0.01662647556596042
1.4199999999999999E-9    0.00203186859533542      0.002656856391885223     0.0034174971582343434    0.004329719418665552     0.0054090821317327314    0.006670493738885527     0.008127817374305023     0.00979385635984072      0.011679953558574735     0.013796007602555942     0.01615035606902297
1.4299999999999998E-9    0.0019450696304025897    0.002548169010383926     0.0032835119885421594    0.004166909735411364     0.005213854772820857     0.0064392405863163285    0.007856970990819789     0.009479936058941523     0.011319615038297183     0.013386076702932353     0.015687871288789998
1.44E-9                  0.0018619786845015848    0.0024439279265807056    0.0031547800344564796    0.004010222312084732     0.00502567383464206      0.006216004742692457     0.007595150333227974     0.009176078034396533     0.010970392512996438     0.01298832669285931      0.015238630655820845
1.45E-9                  0.0017824373512326046    0.0023439512482840244    0.0030310952828018845    0.0038594270363944755    0.004844286274502973     0.006000508242326454     0.0073420546338485       0.008881959742312512     0.010631943643190828     0.01260239561097665      0.014802254874854261
1.46E-9                  0.0017062939930132853    0.002248064518997589     0.0029122597667074627    0.003714302288128051     0.004669446375629149     0.0057924827625286945    0.007097393139166357     0.008597268981133383     0.01030393657296058      0.012227933716948355     0.014378375535778318
1.4699999999999999E-9    0.0016334034590730995    0.00215610041580678      0.0027980833599803097    0.003574634749165004     0.00450091723755055      0.005591669278858366     0.006860884779615149     0.008321703554534028     0.009986049270893178     0.011864599628984847     0.013966634792928886
1.4799999999999999E-9    0.0015636267674422701    0.0020678993931106627    0.0026883833960500273    0.0034402192019555135    0.00433847081117152      0.0053978177554903535    0.006632257848868757     0.008054970956205583     0.009677969464274986     0.011512062047495455     0.013566685011947337
1.4899999999999998E-9    0.00149683088400651      0.001983307129836514     0.00258298437992249      0.0033108581531711362    0.004181887480986843     0.005210686821620148     0.0064112509285581525    0.007796788054303752     0.009379394478465048     0.011169999852966099     0.013178188516090206
1.5E-9                   0.0014328884554524164    0.0019021755815863599    0.002481717664508596     0.0031863615461749555    0.004030954604553005     0.005030043478300066     0.006197609596307208     0.007546880794558659     0.009090031055806521     0.01083810169411668      0.012800817294787098
1.51E-9                  0.0013716775880961703    0.0018243629784691585    0.002384421223939011     0.0030665464385882927    0.003885468577144573     0.004855662800465603     0.0059910878573372715    0.007304983905889027     0.008809595002907443     0.010516064355267517     0.012434252752054498
1.52E-9                  0.0013130815899615948    0.0017497334969316224    0.002290939382130706     0.002951236775634797     0.0037452332283246514    0.004687327664051968     0.005791448198940103     0.007070840621833057     0.008537810906221603     0.010203595213788642     0.012078185413640674
1.5299999999999999E-9    0.0012569887582932434    0.0016781562027577716    0.002201122586000041     0.002840263120049308     0.0036100594108002047    0.004524828470687215     0.005598461214973971     0.006844202405604124     0.008274411817029693     0.009900410441721293     0.01173231467276371
1.5399999999999999E-9    0.0012032921531521276    0.0016095064766826744    0.0021148271409948305    0.002733462425445526     0.0034797645195694337    0.004367962891459729     0.005411904223258476     0.00662482868836836      0.008019139026392015     0.00960623458353137      0.011396348521347417
1.5499999999999998E-9    0.0011518894074946827    0.0015436648574561715    0.002031914990687599     0.002630677772049001     0.00335417241901825      0.004216535610647129     0.005231563273913395     0.006412486611992989     0.007771741803760718     0.009320800039951664     0.011070003316825668
1.56E-9                  0.0011026825246172466    0.0014805167280990577    0.0019522534821580892    0.002531758145239666     0.0032331133067161314    0.004070358085674828     0.005057231629130575     0.006206950783333878     0.00753197717311498      0.009043847022974812     0.010753003536428963
1.57E-9                  0.0010555776993562771    0.001419951959297677     0.001875715167607242     0.002436558199960237     0.0031164235673427905    0.0039292483093951       0.004888709387174504     0.00600800303364162      0.0072996096521942425    0.00877512343510143      0.010445081553266022
1.58E-9                  0.0010104851312445048    0.0013618648412151014    0.001802177593228073     0.0023449380607667636    0.0030039454977130176    0.0037930305860456206    0.0047258030345708486    0.005815432188097439     0.007074411028275043     0.008514384731255624     0.010145977402521952
1.5899999999999999E-9    9.673188582545304E-4     0.0013061539719110742    0.001731523111462729     0.0022567631092740206    0.0028955270944407098    0.003661535310440177     0.004568325389894301     0.005629033840694407     0.006856160120643587     0.008261393647348056     0.009855438566516512
1.5999999999999999E-9    9.259965880194685E-4     0.001252722141391262     0.0016636386847796495    0.002171903794491571     0.0027910218163494965    0.003534598758572185     0.004416095485801958     0.0054486101380567965    0.006644642575681167     0.00801591997897774      0.009573219756258737
1.6099999999999998E-9    8.864395455819653E-4     0.001201476118348413     0.0015984157097215846    0.002090235434589498     0.00269028841686796      0.0034120628821487082    0.0042689384394844375    0.005273969568695535     0.006439650650363348     0.007777740337025305     0.009299082709003358
1.62E-9                  8.485723199915852E-4     0.0011523264906553778    0.001535749838165114     0.002011638038505298     0.002593190745287543     0.0032937751130501596    0.0041266852047230065    0.005104926760287063     0.006240983016057037     0.007546637972554267     0.00903279598395509
1.63E-9                  8.123227235002119E-4     0.0011051874857968904    0.0014755408150283046    0.001935996124680136     0.0024995975792964087    0.0031795881722288316    0.003989172376263976     0.004941302282378588     0.006048444553559927     0.007322402574539892     0.008774134770038538
1.64E-9                  7.776216511851437E-4     0.001059976845596658     0.0014176923146435568    0.0018631985559799523    0.002409382429728095     0.0030693598872797833    0.003856241971981956     0.004782922456343009     0.005861846165717267     0.007104830095945662     0.008522880693260265
1.6499999999999999E-9    7.44402951223829E-4      0.001016615675503733     0.001362111789663803     0.0017931383732154998    0.0023224233760576244    0.0029629530146066813    0.0037277412781946016    0.004629619170639712     0.005681004586949718     0.006893722551196632     0.00827882163438059
1.6599999999999999E-9    7.126032969524303E-4     9.750283192157714E-4     0.0013087103202101228    0.0017257126409885493    0.0022386028915200177    0.002860235069208608     0.0036035226680925492    0.004481229702664719     0.00550574220751791      0.0066888878411840765    0.008041751547851788
1.6699999999999998E-9    6.821620677628694E-4     9.351422124663924E-4     0.0012574024736467532    0.0016608222936864657    0.0021578076941593267    0.0027610781591084397    0.0034834434474792448    0.004337596545738595     0.00533588689617763      0.006490139568082408     0.007811470289564978
1.68E-9                  6.530212322567668E-4     8.968877618611428E-4     0.0012081061660289866    0.0015983719919416025    0.002079928588670304     0.0026653588265909954    0.003367365674985016     0.004198567214418367     0.0051712718339901025    0.006297296875125532     0.0075877834465339
1.69E-9                  6.251252387141307E-4     8.60198215833834E-4      0.001160742532428561     0.0015382699806863733    0.002004860324803339     0.002572957894043303     0.0032551560090118337    0.004063994147143664     0.005011735347889304     0.006110184277550269     0.0073705021739566695
1.7E-9                   5.984209081981146E-4     8.250095559537919E-4     0.0011152357994579257    0.0014804279559771877    0.0019325014493747406    0.0024837603159171724    0.0031466855452866264    0.00393373451516371      0.004857120753766529     0.005928631508957071     0.007159443034709674
1.7099999999999999E-9    5.728573339508808E-4     7.912603811253995E-4     0.0010715131651698418    0.0014247609339565728    0.0018627541726326418    0.0023976550351641804    0.0030418296775780096    0.0038076500669259627    0.00470727620079342      0.0057524733608483505    0.006954427845309752
1.7199999999999999E-9    5.483857836582886E-4     7.588918049838056E-4     0.0010295046815687117    0.0013711871271120213    0.001795524232447714     0.002314534845207665     0.002940467950160148     0.003685606974974112     0.0045620545238332245    0.005581549535513113     0.006755283524714703
1.7299999999999998E-9    5.249596071318431E-4     7.27847348663013E-4      9.891431434966226E-4     0.0013196278230951305    0.001730720770276486     0.0022342962562207956    0.002842483924894019     0.003567475698309073     0.004421313097678816     0.005415704496496836     0.006561841948837915
1.74E-9                  5.025341468843452E-4     6.980728450016642E-4     9.503639804053904E-4     0.001270007269861488     0.0016682562060448365    0.002156839366449182     0.002747765042329974     0.003453130847560133     0.004284913698057253     0.005254787330326626     0.006373939808061558
1.75E-9                  4.810666534033125E-4     6.695163412599031E-4     9.131051536531099E-4     0.0012222525636607369    0.0016080461219903914    0.002082067737648824     0.002656202495475294     0.0033424510741700813    0.004152722364902101     0.005098651606968205     0.006191418469817659
1.76E-9                  4.6051620328848105E-4    6.421280110679984E-4     8.773070567441434E-4     0.0011762935425202361    0.0015500091465490992    0.002009888275139174     0.0025676911014810835    0.0032353188733195634    0.0040246092715405645    0.0049471552487869355    0.0060141238442454744
1.7699999999999999E-9    4.408436215270642E-4     6.158600656778685E-4     8.429124203883579E-4     0.0011320626826507422    0.0014940668458565715    0.001940211111762844     0.0024821291838284334    0.003131620530898645     0.003900448596494121     0.004800160399271465     0.005841906254425263
1.7799999999999999E-9    4.2201140655223873E-4    5.906666722510799E-4     8.098662204993275E-4     0.0010894949996570035    0.0014401436163737915    0.0018729494775451372    0.002399418453452684     0.003031245980557341     0.003780118400482885     0.004657533299018484     0.005674620309710364
1.7899999999999998E-9    4.0398365896384547E-4    5.665038723338408E-4     7.781155904643012E-4     0.0010485279526778336    0.0013881665839126037    0.0018080196349365822    0.0023194638978397274    0.0029340886886823226    0.0036635005061704824    0.004519144162634885     0.005512124783221567
1.8E-9                   3.867260129038899E-4     5.433295062902755E-4     7.476097362949596E-4     0.0010091013527974506    0.0013380655041972877    0.0017453407513997544    0.002242173670052087     0.0028400455335192767    0.003550480382508846     0.0043848670618273425    0.005354282492395238
1.81E-9                  3.7020557069274016E-4    5.211031387034689E-4     7.182998555851443E-4     9.711572743398408E-4     0.0012897726687589608    0.001684834796047214     0.002167458984544723     0.002749016696978246     0.003440947031878723     0.004254579809870166     0.005200960164137825
1.82E-9                  3.5439083997708257E-4    4.99785988737541E-4      6.901390592387693E-4     9.346399699815195E-4     0.0012432228126838321    0.0016264264382470325    0.0020952340139211       0.002660905559379631     0.003334792881368038     0.004128163851252856     0.005052028366870824
1.8299999999999999E-9    3.392516738012802E-4     4.793408617476468E-4     6.630822966107534E-4     8.994957886469538E-4     0.0011983530269904998    0.00157004295680987      0.0020254157914281895    0.0025756190198774277    0.0032319136768497046    0.0040055041530489876    0.0049073613775316716
1.8399999999999998E-9    3.2475921303798654E-4    4.5973208500411884E-4    6.370862832888706E-4     8.656730968379159E-4     0.0011551026730860598    0.0015156141512552342    0.001957924114786647     0.0024930663753507526    0.003132208380806895     0.003886489100819579     0.004766837072716669
1.8499999999999998E-9    3.108858314495543E-4     4.40925444886588E-4      6.121094319571999E-4     8.331222026249062E-4     0.0011134133012564184    0.0014630725868880162    0.0018926814548140812    0.0024131598123965413    0.0030355790729032807    0.003771010396512913     0.004630336821162213
1.86E-9                  2.976050829512462E-4     4.2288812762561695E-4    5.881117857589114E-4     8.017952827489754E-4     0.0010732285712983774    0.0014123527054014772    0.0018296128656838122    0.0023358144293140187    0.002941930853967162     0.0036589629603621366    0.004497745386616683
1.87E-9                  2.8489165125036235E-4    4.0558866165646797E-4    5.650549438630005E-4     7.716463122516097E-4     0.0010344941766888395    0.0013633912076176128    0.0017686458993596604    0.0022609481111188164    0.0028511717372129526    0.0035502448348843202    0.004368950832379612
1.8799999999999997E-9    2.727213015324007E-4     3.8899686303777255E-4    5.429020248227165E-4     7.426309969332901E-4     9.971577709095777E-4     0.001316127065381236     0.0017097105218906122    0.002188481057615179     0.00276321259396654      0.0034447570924195058    0.004243844442600442
1.89E-9                  2.6107082665010944E-4    3.7308378250554085E-4    5.21617594256529E-4      7.147067081970552E-4     9.611688969247003E-4     0.0012705014178264456    0.0016527390333630392    0.0021183364775413964    0.002677967046921183     0.0033424037448198207    0.004122320582035534
1.9E-9                   2.4991802085770035E-4    3.5782165519321433E-4    5.011676065629208E-4     6.878324204738248E-4     9.264789187876253E-4     0.001226457463563611     0.0015976659897869241    0.002050440069323048     0.0025953513831066984    0.003243091656329299     0.004004276657758613
1.91E-9                  2.3924162780023862E-4    3.43183851977601E-4      4.8151934804822004E-4    6.619686508888104E-4     8.930409560747167E-4     0.0011839403729814477    0.0015444281282030149    0.0019847198948932197    0.002515284468115079     0.0031467304586230327    0.00388961301673885
1.92E-9                  2.2902129881593024E-4    3.291448331807665E-4     4.626413863188758E-4     6.370774012922022E-4     8.608098203815391E-4     0.0011428972154916995    0.0014929642937503876    0.0019211062280784996    0.0024376876688713177    0.0030532324687422875    0.003778232863044399
1.9299999999999997E-9    2.1923755241445327E-4    3.156801038589328E-4     4.445035210506664E-4     6.13122093148482E-4      8.297419543685942E-4     0.0011032768938888668    0.0014432153696189122    0.0018595315375247482    0.002362484777889289     0.0029625126091526225    0.003670042170582066
1.94E-9                  2.0987173840285536E-4    3.027661711840117E-4     4.2707673631820614E-4    5.900675354808281E-4     7.997953727867761E-4     0.0010650300817261734    0.0013951242089521878    0.0017999304482565572    0.002289601939360583     0.002874488317611232     0.0035649496046176706
1.9499999999999997E-9    2.0090600310663793E-4    2.903805033452292E-4     4.1033315408769766E-4    5.678798615489016E-4     7.709296058190452E-4     0.0010281091624881177    0.001348635569350865     0.0017422396924731429    0.002218967576501476     0.0027890795018454973    0.003462866445151411
1.96E-9                  1.923232558024458E-4     2.7850149032060715E-4    3.942459894147398E-4     5.465264777168727E-4     7.431056443083115E-4     9.924681704952824E-4     0.0013036960492774415    0.0016863980393239109    0.0021505123209717763    0.0027062084507859605    0.0033637065129736767
1.97E-9                  1.8410713607286666E-4    2.671084060922709E-4     3.7878950744851076E-4    5.259760134557748E-4     7.162858870982358E-4     9.580627336861625E-4     0.0012602540268188986    0.001632346223542156     0.002084168944537516     0.0026257997620242977    0.003267386097054112
1.9799999999999998E-9    1.762419824697092E-4     2.5618137254430695E-4    3.6393898224243155E-4    5.061982767558226E-4     6.904340901592117E-4     9.248500183423735E-4     0.0012182595904718714    0.0015800268780705624    0.0020198722930149524    0.002547780270251772     0.003173823883798001
1.99E-9                  1.6871280255325468E-4    2.4570132472205163E-4    3.4967065722858504E-4    4.8716421068270257E-4    6.655153095344693E-4     8.927886757361663E-4     0.001177664504800313     0.0015293844727215554    0.001957559222322735     0.002472078982711077     0.0030829408882303297
1.9999999999999997E-9    1.6150524429938762E-4    2.356499776112019E-4     3.3596170724180084E-4    4.688458512492968E-4     6.414958730797565E-4     8.618387906389659E-4     0.0011384221427565419    0.0014803652563056464    0.0018971685365081212    0.002398627015822481     0.0029946603872449654
